66   82   47   52   6   92   64   17   
59   6   87   44   79   98   64   90   
10   2   34   63   36   25   76   86   
11   53   56   95   83   70   82   17   
23   36   41   56   32   15   50   62   
65   5   5   25   69   15   36   78   
45   77   24   25   60   21   89   41   
6   60   41   53   36   69   34   89   
24   70   21   43   56   8   58   95   
51   71   98   30   20   51   17   95   
16   77   49   5   45   57   56   1   
46   0   49   71   73   97   25   95   
71   15   0   99   94   93   21   37   
19   29   73   88   23   59   21   55   
43   45   37   59   20   28   44   67   
13   19   96   56   58   86   22   54   
46   2   59   4   50   17   0   22   
55   11   85   15   83   68   78   87   
79   94   27   27   59   66   75   42   
71   33   86   75   96   65   78   33   
6   19   42   20   99   16   4   26   
45   14   3   8   43   28   83   44   
41   9   77   63   58   94   94   79   
26   16   32   17   31   25   25   90   
33   52   9   64   25   57   87   62   
90   1   82   45   62   67   99   43   
50   41   33   87   87   14   74   12   
24   63   94   83   84   87   94   19   
88   13   74   90   19   19   19   84   
21   15   73   57   11   48   16   58   
17   89   66   90   91   38   2   18   
77   96   39   62   62   4   78   3   
6   63   57   49   92   8   24   31   
21   49   65   72   41   16   0   75   
46   35   65   94   20   4   27   50   
10   56   13   22   79   57   21   17   
36   69   51   48   91   66   66   9   
65   35   68   42   72   30   76   61   
96   63   15   27   39   83   82   1   
35   7   39   36   95   1   51   64   
28   48   35   71   65   51   84   79   
69   55   29   84   36   85   77   79   
79   51   26   15   41   93   78   53   
87   49   13   84   27   30   14   63   
84   3   13   23   95   5   95   44   
79   35   58   83   53   98   65   50   
29   59   56   43   75   35   23   34   
70   81   84   16   38   99   52   38   
40   66   0   33   71   53   84   74   
56   82   36   6   35   94   99   88   
83   62   54   68   74   71   88   48   
79   79   53   13   20   78   5   79   
83   19   42   87   98   32   78   75   
74   81   86   92   99   17   98   75   
82   96   32   75   45   83   64   69   
78   51   53   92   0   71   54   77   
77   56   22   16   51   12   90   51   
84   79   94   93   84   95   49   62   
80   77   31   24   46   29   34   0   
54   73   9   46   78   86   75   2   
26   8   15   42   94   82   24   69   
5   80   91   65   88   71   84   82   
2   90   11   22   40   30   31   47   
22   22   61   78   3   43   73   98   
3   91   66   75   79   7   68   97   
53   61   18   65   37   68   11   83   
88   26   44   88   74   52   62   96   
77   68   19   71   21   45   66   61   
7   93   62   97   5   9   2   94   
21   13   69   78   11   65   10   54   
11   77   90   76   99   85   23   51   
28   70   98   11   87   96   76   7   
95   57   58   44   6   14   78   79   
23   49   66   60   83   84   84   12   
58   65   60   43   55   89   62   22   
70   10   68   34   11   91   7   25   
37   61   83   54   7   65   48   97   
99   10   53   49   18   62   68   44   
85   85   53   22   36   32   52   5   
94   35   73   95   45   43   68   32   
42   41   22   21   1   30   4   92   
16   63   44   44   36   13   3   7   
42   23   49   25   37   84   88   5   
8   77   60   71   92   52   51   56   
42   20   6   77   39   46   43   55   
80   61   5   73   88   8   69   81   
32   66   53   21   94   42   95   58   
52   17   12   23   70   33   0   64   
11   87   1   15   6   25   67   95   
80   94   44   75   78   15   17   0   
7   78   39   25   98   30   61   99   
25   48   25   22   33   19   84   47   
61   41   61   0   6   54   74   6   
98   58   41   99   98   19   80   36   
0   12   16   91   94   74   65   81   
26   1   90   58   0   45   61   60   
9   96   14   36   53   16   94   53   
4   32   27   40   89   61   1   6   
67   88   22   21   3   93   52   87   
75   80   74   4   63   16   6   53   
96   80   90   1   4   43   83   83   
17   63   87   61   46   24   92   64   
0   83   90   11   23   40   57   16   
44   27   61   72   42   89   89   87   
26   74   44   8   71   99   1   24   
5   38   3   40   5   91   40   51   
88   10   4   79   25   94   30   55   
22   74   57   77   82   10   41   28   
73   99   35   72   80   83   92   1   
82   66   5   84   36   17   10   53   
86   9   84   31   85   9   62   32   
44   88   86   97   41   24   42   95   
97   75   66   6   55   67   70   5   
17   3   97   59   88   45   19   4   
63   4   90   72   25   9   43   63   
36   3   28   91   96   95   59   57   
23   9   87   61   50   4   97   19   
39   79   14   81   11   3   43   98   
69   81   34   37   33   70   70   87   
31   3   69   52   39   79   8   22   
43   39   35   79   58   57   53   58   
7   71   33   46   95   61   51   33   
59   29   21   14   60   22   24   53   
39   99   30   47   35   44   79   59   
70   91   38   72   67   64   40   12   
